y	X1	X2	X3	X4	X5	X6	X7	X8	X9	X10	X11	X12	X13	X14	X15	X16	X17	X18	X19	X20
0	0.847563467264421	3.79405001955164	10.3980720915886	-9.09286045585801	14.6867673877002	-3.53676699191992	9.41051872710306	-1.98292617988494	2.30412585346665	2.24000550114165	6.92665214584936	4.68696016877781	-0.105597304069315	-5.2168817299884	-8.89758490241996	12.8416374855697	-1.23912958693243	-4.60545902399836	12.5916007263633	12.1477993865272
1	2.26460338599548	2.22162966649839	-2.28391172070199	-4.17579542521858	12.4859478384215	-19.297468433426	-9.20861185147351	-3.86425498861181	-21.0615551500682	-1.40535486224391	7.91933331471387	1.99730675829726	-0.0225030575107206	2.94085486912989	4.9050891847261	3.75488699396855	4.17453484188908	2.47153672196275	18.0539831189451	1.19116432059084
1	4.32556498144622	9.11175366126624	5.73245587555067	8.53261603490476	-13.8472265992918	-7.60621543040077	4.24750193651025	13.0405122206768	-2.61197901412524	1.25865503909844	8.85409340433964	13.2413767382494	-19.9901289851885	8.67995889848581	-2.82921815577301	8.80411581413789	-5.46025285053443	7.60822105062594	17.7228804088863	3.79896933633434
1	5.58065235974298	-11.9379376700687	7.31313720053604	10.8015028913391	0.516150691932014	23.3743129630782	-23.8671457193482	-14.552833557074	19.4243349864917	-1.50530845151895	8.6476230831688	0.125718194713454	1.28258711334716	0.634339664595712	0.344109297651673	-14.3574772221346	-10.8275315883847	-3.15582936629342	5.31875171039291	-3.14713955078668
0	0.597552673669097	-6.69907357658707	-5.67473865636323	-1.20098785332165	0.170679486733041	-20.6693133699024	-5.07675887024003	0.643688382350543	-1.72902321080879	-2.53015308017335	-8.51233792138203	-8.57549344306136	-0.414413895234139	-9.09199021947517	-9.2574083290356	-7.78382010221753	21.8705465664994	-4.17994460380583	3.5174577202461	-5.00826134049824
1	-1.14640866544344	-11.7897525198279	-7.71619162759178	-3.80768958401696	-29.1899376028078	-10.4015073006798	-11.1901006099474	15.4834412822985	-0.946736682392564	7.57394998298612	1.54717400940371	-2.98041770774216	6.0084330709453	-20.8078803368328	-8.21368335501725	7.49976709969031	-4.48849852783379	5.58803202049535	-14.4415963911857	-4.95520768933036
0	-10.2057834608166	-22.3056406639681	2.76690021542597	3.4234042141979	-13.1257912304988	2.96033496043879	-0.486390130088601	-0.361137060857016	1.04424103583883	-13.966563485492	-13.1778096930286	4.70123757000101	-0.615883188905857	-13.7798534051591	-3.61948003999722	20.8794722006801	-1.31605975489816	8.08963468334807	-7.93834684782826	-1.42934435261351
0	-2.97051301683529	-0.98236478582465	-3.98243447329554	6.28903108374754	-7.80751228319637	-3.84801697415139	4.11288134548436	-0.75727157280967	-17.6124841576452	5.42804206113861	1.20203462204794	1.41942713986332	-16.9441514410629	2.78481794848417	-3.31341847428035	-16.4411165934155	7.8490549823355	-3.98580651821876	7.75331664900393	13.6860414765512
0	1.68150027111636	7.75967074942018	12.2714483003458	26.2592038524147	-2.18924530543334	-3.07339688090502	-9.56737922458423	-5.5322423302154	5.00390583387324	-11.7333103215344	1.49549951150272	-14.4534550578232	-8.66304863005577	-2.49319140953063	-9.59055263768644	-1.61630402272221	5.9839655522276	1.50009008817619	-3.10359175205875	-0.840097386763136
1	14.1987232503558	-0.814319184095231	-23.1690402090497	-24.0035280580681	8.06267414037171	10.2250847660131	2.8174423473388	-9.06810353251472	-8.19439396546374	-6.8319461836271	-6.60787824715331	-10.3096072225997	-2.29601568120729	-16.0541005780137	5.49346702495121	20.851764639126	-5.52568217519329	-10.1100086913649	-8.43454488193094	-15.7099752104325
0	-0.995250704510626	-14.7733318085955	7.86482645010461	4.87311066990477	-3.06249888237188	-1.65629764862256	11.2471694387777	-0.494388681359074	15.6960318577802	0.632507949704574	21.6094913877086	8.15645515921962	-9.30364189075658	-6.92383470271698	-4.09453442133897	5.31359268259855	5.26370124853302	-5.79334272379864	-30.5632789530941	0.290016893145277
0	-8.18296968384865	3.78114005695914	2.68946377919131	-13.6002939413551	0.918672941428477	2.33866095912411	3.38402675782734	9.66772843057872	13.9250361491186	-9.11018738082509	0.310582930496724	-23.0168982978631	11.8383435396517	4.66757963778145	6.8413238536607	7.84125173613776	-8.2060490189704	-5.50526165302766	4.03877761296329	18.7123311225306
1	-4.69302241185415	-16.0261277559067	-3.02797769303971	31.8954343329313	21.0775541275036	0.398427911114203	-23.2067841021034	17.5570448590316	-7.22255776647269	-7.3647316470237	-5.79209985370842	4.06505821415379	-3.69504848029673	2.32850235946788	11.7931194487792	6.37958604585541	20.697126034217	0.766444400376826	13.2638710705536	0.22841684343772
1	5.75044973330143	-5.3933361116245	6.3355011808408	14.0023076230989	-11.3570697984417	-2.16598894843897	4.26253454414525	3.87441959624425	-5.60871065196475	2.96371641825761	-10.4743824781862	-1.12293209474154	5.3731333311613	17.0842954842985	2.77366868039592	-3.79361661611087	8.04988344533184	20.3840068004952	-22.1304228280915	-5.93387220106733
0	-18.7174512812092	-6.03369204694828	12.9884507386608	7.00101006965459	-10.4837261082797	-10.5283827235026	3.03550357484528	-10.5053027997658	-4.14974309279544	15.4483440416727	9.54203563872474	-16.3042178862353	-6.1980286656568	-2.64733894801074	-6.15814462119606	-8.81904545882539	4.56043563309825	18.9231359461786	-2.43974869500026	11.6660138945483
1	-6.31831099889465	0.143177641550046	-10.7636229575071	4.63440686402225	1.56168263209519	8.86761059632883	-5.75486283472705	-4.32902470122777	16.6374884136027	7.18585364195124	5.25079896775373	-9.13820793274073	17.808954575261	-23.9926898784152	7.40448498653888	-7.32387157344867	1.86484433465734	-0.685641667813615	-0.940519370608327	-13.8057002305212
0	-0.424381960781628	0.221816511360569	3.49007074218922	3.96152257072051	2.95771980089286	-2.54146886183959	3.79797429577953	-9.31213921778808	4.65051827687024	6.15112192122729	1.10316837736736	2.44314533362799	1.06621439912662	-0.574267132863849	8.78089868622729	0.672476183434496	16.2168284305899	-11.5948016409779	-23.7240070936366	3.22050489724751
1	14.4210693134115	-7.15392634227397	-23.2352920446404	-3.97263843585808	1.19698193328813	-8.35100519510859	11.2018761406317	-4.54082932571234	-18.5761116784747	10.357160320879	9.5665190583197	-4.81452162705793	-4.15197602007053	-2.64859983459112	13.2932104109274	5.35171378487565	-1.07373500122101	-18.4203606728748	-13.6758707220696	-4.83059350868346
1	-9.2089342003678	-1.62994788005283	-10.2226356346996	1.23311277106637	-3.68232139589095	-13.1610630725858	1.00738835385089	8.52081114252174	0.337197636658141	17.4685936535792	-16.9628106029827	2.18137803266393	-11.5776678051362	2.59556418191325	-2.27637123550735	-6.09875284130794	0.0838762118844081	1.3381203845044	3.88293815962325	-1.7543694862636
0	-0.156085997694624	-3.99398901502912	-1.36036138879485	-1.28040713871016	-27.1989105890134	7.04766182533229	-4.70516309554565	-0.323045349638603	-3.05290103337622	-14.8535870094752	4.24610072848769	-6.37143166164455	-0.0427971988838307	0.124485949613811	18.8132828798313	11.8500264294948	-3.90542394346365	-15.5899245498171	-8.82181207247661	-15.4485448167574
0	2.19466474666689	-5.81860705961203	-17.7769866511933	-20.9128816345351	-10.3630130009296	-16.1612229485821	9.372421493083	-6.0010577987346	-6.77276191330259	-3.48295820298972	15.0138850407209	3.25761214542508	-13.112047103646	8.96790760040129	-0.498558776574699	3.6305142363361	-5.43399506432705	-3.0112128560088	5.46245166268326	-1.72914747648608
1	5.00598176003693	2.35314464567389	-1.99920932782314	-6.82999484307305	21.2719241142157	-1.82426699091932	2.53935226770917	-5.15276773881824	-5.11708208750249	26.8105402448435	-4.52090788930351	14.4888111440196	-15.6036468147239	-9.61115276919992	-10.1181242109292	1.68448394215072	2.27591601029371	-10.794214028067	-4.64708764586857	0.440657042259272
1	16.6934898030235	10.3366596668878	-4.75567988881219	14.401156595712	2.72302086945101	8.55452182897086	-3.65582356159335	4.10648525954809	9.19510030348842	11.7581965795954	21.7682776224168	-1.07285127909265	-1.61995400429085	-2.59645819065568	-5.3164335555807	-22.1988046449231	-4.09235772624587	6.20054087330398	-8.26018754569033	2.51613876196501
0	-10.0354243808306	4.37646073469796	-3.75485971490403	-3.34965300815633	-3.10953505405969	-5.2969127940031	5.87626058630847	-3.92170836406714	-1.00913090992055	0.554522088143043	-4.86998467793542	-1.40942860002419	1.70838650033391	13.6609131159585	-2.06277029828283	-11.9168760848928	19.1819217667641	13.2012237205131	0.129113649868412	-13.5906706042415
0	3.94182209350487	13.9295602208133	12.4682803847758	3.12275020856994	-4.46548357414053	9.62837622398233	-15.0516149253533	4.20585149485309	4.45182333362753	5.60998024082719	-4.63932425806862	7.68308627716715	19.3962239472362	-0.898658770788284	21.8759528329883	10.3291578708173	15.3701009008887	10.0671922834797	0.454325336177641	1.10790802685239
0	-14.970726054436	-8.89909336439479	-16.1263128372936	8.00361381466389	-14.7768483416827	-9.31198094666866	-1.38183065462526	16.8522477824063	11.6959552780518	-7.44227824720964	26.9439196407986	-7.80425444619704	4.15066016194061	4.22687217232698	-6.07372401952802	-1.41026634199835	5.79738802300597	-8.05882248160501	-4.992245824357	-16.5834697580207
1	12.3925632328391	13.9949293077335	-9.1592703476772	-0.394953851021265	10.368359481972	7.43612988558401	-19.8409031279285	4.56577637481758	-3.31718250343098	-6.42122114574188	7.27953047771783	-1.36880045658478	5.08107683880431	-7.8825602753007	-3.98627461646713	5.28006448816479	-0.0453990230470502	-12.1937909733506	-8.42004673444704	-18.6560882209112
0	0.376221963179717	2.60548195317876	-0.207101089586038	-6.49407766461775	-5.62136535163374	-16.0377572221211	-3.20533186893307	-7.90891681636004	-11.2206298934698	-0.93139825765482	-8.01924003331725	-11.7283337491561	-3.52991657706562	-5.5306732737667	18.1699899700303	-0.408682467586775	9.67412697077793	7.93627405418729	-14.2912724719435	1.84982955140537
1	-10.396169151767	-9.55997028461772	1.67080352445821	1.60747875985141	-6.03558437689891	-4.44921626505976	-6.50257860408333	-8.90719486824603	15.4848432003227	15.7990383527998	14.2642234210876	-11.8025074474184	6.65066963359028	-16.6938677623245	-3.28969630950345	10.8993057865774	8.98728048662642	11.3354866520497	-8.74242618500943	-25.7153506074739
0	1.53667507498297	7.73842252878575	-9.57798937086804	-3.35668498036712	-5.3890196480966	3.02002418799171	-1.07209508745471	-8.51016860868523	-2.25073074043135	3.21962992815775	2.22751259606191	-5.90241644069603	31.9013847504793	7.86186078621975	5.02281827485106	-2.06529030386572	-8.39474793322869	-1.22655791111473	3.39333159007448	5.82676836406558
0	-10.4763827319596	13.9414019509572	37.858830850567	-1.62642514220793	17.5068832466194	6.62933133700229	20.5672415174915	-2.05126054949406	0.15998252683953	8.10297548873567	17.7859628030331	-17.082744759078	17.9034054024541	9.19900448776272	-14.1679945868025	11.6501486023213	-12.2269231817206	-13.7586474537434	-1.38986862538258	2.40415684597797
1	7.0078127345231	-2.11567274685697	3.88922307239911	-13.4825165825592	-4.7198802844965	8.04144869290434	3.06204239510725	-13.514286800715	-6.19521064047098	-8.16135728524826	2.68386578512935	17.0657279588776	1.17877742869763	-11.3034751737178	-11.3840779105742	-7.93978057836592	-4.41163551790163	1.56525412818482	6.11728182154121	-4.19799462104513
0	7.57811704094957	-5.3470599152812	8.99482819979137	7.65511810003579	-3.97730339682493	2.76635678079345	-10.2955183115423	4.38857310972186	-11.4757893334586	-2.74076012675222	9.95742190384845	-8.87064351422865	3.39662630845996	8.82137778664863	0.398697720281895	2.09192470173344	21.2783871663217	-8.81678207300028	-9.7556222550882	-16.6907532098361
1	-7.78062617645984	6.5276424414414	-3.29299922470395	4.62977962252463	10.392465779073	-12.342443290749	-3.50392130421414	-3.84566507023601	-10.7136938664065	-17.3321134448318	-16.6131957212868	3.77065224296849	2.95889147011755	-19.043592362585	1.09316726426748	-0.917370852168099	-8.63959136319255	-10.5052252997338	-7.40529368051743	-2.73433671609035
0	-13.1321194624336	4.59474000952213	10.6722735306739	-10.4721834714257	-8.74431150899911	2.35785269323535	0.671287123586158	-1.76523835922199	20.1962756635055	12.0325739734685	-0.0348153344592323	-10.1043982243977	5.34635567830012	-12.9006330116358	-5.56605561792604	15.538590956933	7.64518574143895	-1.87379419587193	-4.5983126778432	1.98100212433339
0	-3.71271606545643	12.9586631335926	-9.83818881454521	-9.65427099975133	7.93032175924125	-6.63514318303146	-7.65496111506972	-0.599951225023567	5.58751877073996	-1.87464264414326	-0.341776339170045	-12.4729267703698	-5.49460122141846	6.3163028273485	11.0400075993366	-24.4758853823121	-0.567723004312423	12.91965413624	-9.44250667653495	3.82126909698884
1	-0.846934853933307	-7.75667557545108	3.82841108038345	11.5853911909427	-3.23093483307206	0.00388187994802904	0.0217022686312026	-17.4983242453591	14.6112807505788	-3.01770009187523	10.4321416539617	1.84902628212331	19.9440615034133	-3.49998369267749	-16.7921681407182	2.11888564772417	-12.2336907948716	3.5126056797884	-9.35580269046968	17.8118013687741
0	-2.58678895329363	-16.3860009666759	6.33469681656429	-14.8299868651609	-0.86393638970543	0.662695062353619	14.3530609387685	-8.48739238394127	-7.27767787597735	-11.9199507103308	21.6623219971315	20.7055699286413	3.66854471855306	-1.22667440116554	-4.59889220149049	-4.47634294146466	-4.76808666014426	8.99487934209323	-7.46012953574918	-1.60035482009147
0	2.17857308452059	4.16556969542156	0.273414178371642	10.9463999304206	16.151918915823	12.5742841423559	-7.20234619197478	0.17296643961632	1.5049842902856	0.872430218546643	3.17445594429056	9.84265030378888	-23.4983908055307	-24.9928737501099	22.0611725469879	-12.3857256014523	-6.75960680580098	-6.65865346265154	-8.95053433318524	-9.18957116193418
0	3.69889964068944	0.98896482637461	-1.54539300158381	4.64259986958865	9.00504771298328	6.40972372335697	8.37297489233253	-3.40377914703796	2.5818468743352	19.345984952619	15.3034617802947	-3.46856674337049	19.4113289567925	0.977245372924037	-3.58460117177851	2.9673472640222	2.87341090369472	-19.4440020730825	-3.47314307748016	-15.0283275551127
1	9.03432833571468	10.5280852251303	-7.81379074435906	-1.45110047747641	-10.6460063165559	14.5362351967402	6.816685454555	-19.3631001154891	-3.93014721310912	9.79622346777011	-6.58854685737741	-3.01238710252933	3.67753458594388	15.8922827284979	2.1428153992306	-0.61565526227655	-8.01304559518471	11.3031521554037	21.4689368611328	-8.12755887674762
1	3.96813542241486	2.37610272836503	25.6585166441512	15.2845142608844	13.5651914825078	-7.87291716359526	-15.6273623881119	4.79313069533878	5.61011102447504	-6.57742582610654	2.61962428058991	1.7831897988738	3.33928151426097	-8.13727439717494	-10.1522029437177	-9.39046664996312	-3.24807740802469	-8.73487690005134	-0.53309320034176	0.932510092110087
1	-1.45084661696299	-6.8480317051451	9.41794623619547	-8.48094222416241	-3.94510970387992	20.7940035407233	-2.17718694858475	6.92074215538043	14.4296309005196	16.0083339535751	6.4717823411301	0.196243057291695	-2.97942958292583	1.51108587948698	-5.97309105861313	7.36757846325103	-6.88875407049086	-2.3877085175507	17.7914576125915	-4.43859532651141
1	-1.02095871149897	-7.49497437288552	3.72922935002073	-9.54827632190268	-2.98742909996345	-14.2606986271284	-5.48451824528492	5.31645609522515	10.5794810728757	2.65411566946564	21.2061627008833	-2.27505819532542	1.08843326016184	1.24762474447747	6.11878005427655	10.0712606871563	-10.3350640631418	-4.4989021225153	5.64020194879529	-3.1007302485084
0	-3.28037065635945	-10.2914088690784	25.8495119361751	12.1453248725698	0.300949646161147	22.0594302508595	-29.7918388436358	-11.3549229406162	-0.576995415928638	4.66903958386711	2.25538742468405	-6.45092482149684	13.6480635780277	1.16520600854432	-12.432722637397	-10.9084281121356	7.84191393140508	1.07918577083858	1.77756300201394	7.99438475278738
0	-0.642342215653528	2.5609959553598	-5.8683565049536	8.08397145028361	14.5799909969225	-5.09836744321939	9.33019007400878	8.20147410571009	0.787287774619799	6.96259429923869	14.4614696353921	-7.9114581939052	-6.66666629939875	-1.5714916757737	5.77776482717934	-11.8302547943262	3.16464019849955	3.4974554954171	-5.45059700464247	-4.3268488432033
1	-18.647933944926	2.81303941806305	-19.5728547361698	13.4024364451367	-10.0203314916219	-21.2374456282729	2.32410825007023	-0.37090526719792	7.57258327428668	1.07732827729246	0.957878150254248	14.666288218265	2.54012416461944	30.1360959397623	-9.75857346188549	-9.135999280583	11.7248751137408	-15.1945844029154	7.79732085535525	0.239095716129423
1	2.77426830547292	13.5517269773716	5.99920576412172	-0.968008546350509	-22.8210222807397	7.18782256846654	2.79241981251753	6.17364734573021	-0.147707080797727	11.8904311373455	-8.74914060489789	3.71302789865339	4.39323104000882	-9.80266293550603	-13.1284320861487	2.26960143370319	-6.53166618790677	2.16065852209479	-19.6307654707537	9.88098652244973
0	-5.03910051369898	3.79513338679133	9.56476683345814	-1.33608413261081	-3.83348497314902	-1.43767201661806	2.58469587472489	5.78957181955361	-6.9453842784507	1.811397838429	16.5502496059213	-20.8198860199326	-3.85211204476544	6.74846282070533	-15.9944788579011	6.86206525345547	8.80730286016552	9.41265405684829	-17.8387934442913	7.48387441452431
1	-1.30196702695861	11.0045639439535	-1.94994360837911	3.40772341936178	-7.27437339388371	-12.6343920299841	0.656593462667394	21.2858751315131	-3.08444996898739	7.23424426590697	-3.31475798467454	4.92465219348572	3.61662361046629	3.82742447311021	-3.33505475564007	15.5453455197158	-3.74264884354124	28.2094803734335	-18.9708020538844	8.27089394050123
1	4.8631378791496	2.65351670489323	-9.62711851479066	-1.08451074425455	2.73435061720714	-4.84050787756684	12.8813712090958	3.00128197911774	-11.5227132259031	5.32190438576622	7.29159346939475	12.4615433347664	-12.6822964092336	-2.95921822268746	9.54764352052517	18.9285740640424	8.12091176293477	7.77680582017512	12.1539275243461	9.39342625682673
1	-12.1042198951574	-6.59788132576929	-7.76192308224365	-15.7505229924031	-5.83314505215059	-7.08336740492301	13.2902772826576	13.1366048837072	2.60738896013025	11.6301175645213	-15.876661389653	-17.9790762459037	6.05265699017905	-0.744135778096587	-6.25853272374639	-5.5942056379923	1.26743261595226	21.9917720480092	6.9307900171547	-23.5406301535517
0	-8.69916634236268	-4.06158395668733	-0.0863238478039938	-2.17416136731776	-13.4980296537321	6.05336515963431	10.3128214232653	13.571972961438	-12.0154243603318	-10.1278269508288	2.13921891567434	-4.0725624887922	2.20718831556465	-5.01901447704303	1.01869785319822	8.21134818415213	7.40190679785751	-3.63181636655311	-5.33649539488548	-20.0318687966447
1	3.48822154452782	-0.469756637140208	-10.0911010613419	10.9554437039842	6.60124323437682	7.25720806849801	-9.89618412760974	2.52130755228496	-6.16136180864538	-8.846681423182	-9.7923744631512	-9.79744549690308	-9.53943969102254	2.37914505544349	-6.32723168468366	9.30642921127092	4.82379112964131	-2.18640966803336	-9.98566592213013	7.43256339587567
0	0.0492527636158306	6.19678768632981	18.5887481121777	-1.12726659488282	1.47247004085163	3.69518489366396	-0.869650701088953	3.89498344301208	16.9968065037521	1.61298207092938	-1.28665062523047	-7.77774776790734	6.26464046519509	20.6079944629079	-8.31090843040168	-10.6356344979195	0.208474723483637	-7.66140697920776	-0.0452350530583551	1.47332507216776
0	13.0846649092764	7.60974846965743	14.6024613415667	-9.53020060832508	-0.0170485236335894	-0.167270358903497	9.98016966356766	-1.57502618733083	14.8564909161785	-11.0914501218212	6.23346079659575	3.84187185972235	6.16191385168018	1.40599303231577	6.42664396067334	-5.63721687051795	5.25093149921733	12.417726770978	-3.54803204912433	17.069981283804
0	-9.47441234640385	4.2410503905511	-1.32126962220027	-12.286797230545	4.8800421042614	23.3068856567963	-4.24654725505083	-18.7500562366665	-8.32701478233387	-16.1345228531503	-13.2304608876085	9.40847951892481	14.5926517513318	13.2386526435182	12.6395384839951	-2.61904749764707	0.120489723585765	6.04948392249865	10.1853792883801	1.42277575842014
1	-0.133843100467894	0.678982920346565	-9.70165048054714	-5.841585720233	1.21651463819541	-24.6719067820921	18.1259594888201	-1.25907863142368	1.84129312589809	6.85034842476355	-16.6954716602589	13.1729464998419	1.9290637459943	4.17056885553829	5.30680459477108	21.9022106416296	5.00862012360753	-17.5464521106499	-11.8358457734572	4.25145201189962
0	11.9938019541696	-8.23980905507283	-3.82471854980744	7.4598981261811	12.670404114526	-3.22588053008254	-2.12579587899268	5.62872414537313	2.560020924463	3.47507165728268	10.8352168944162	0.760693993352094	-8.90205497446601	3.17268453630978	-23.5232628121183	7.8765727047695	12.7993141574712	-9.20738967870552	-4.88008878176273	7.29452248525351
1	-0.928455983328463	-0.810466331392719	-14.1092792046549	-11.5699765039658	-8.06762990138828	-6.77264508641877	1.57299055465426	5.53409162081791	-9.03553091895719	-2.68644301210589	6.2459205125037	20.3771910662441	-7.00729433283709	15.9812474575437	-7.6737531923836	-0.0124958290502879	-6.53627423619584	3.65165577296129	7.72781353358445	-9.15011117955465
1	3.13927340555378	8.29143156194059	5.98717674499199	-6.16257246130939	11.4246808839873	3.29457301759418	-0.28289391258385	12.1101052024323	-4.9466300695292	0.269152613609926	6.96553945138476	22.561356476383	3.89900271384779	-19.433956293	4.78985234541969	14.9091366712594	10.9641226009855	13.8908973209744	6.02345112106146	9.91901772015807
1	-4.86552346555485	3.79725565991946	-27.1681083577684	4.65616821144181	2.28822656671595	22.7221353779228	-0.642897843444449	-6.97725890255807	-1.93004082007124	11.2142904459087	-14.0488405690618	11.4273025874491	10.3172843795575	-8.27684639731515	-8.83606449553522	11.4728578501883	-4.66180801194394	-11.1827624383192	9.59713457256695	-22.4905070831844
0	30.8797757949888	10.8402832506065	13.6224500585405	-11.2294350754472	4.22645903523779	15.0929013427087	-9.21605817878993	0.0989865997294901	-9.85028613768765	-8.8794473335504	-21.0940467330906	-8.99010334681633	-11.6635529904756	-9.28795148245472	5.94976931760737	-13.1865840722133	12.557065481206	-1.08067700069748	-5.85512800165891	-4.44000442212621
1	0.322517294327818	-1.42489487404292	7.62907682027208	-11.1768243714129	4.31480754945137	12.4267203974955	-3.09631205921507	-6.03231294504577	-11.9003163206181	1.18856153702332	3.46707932299309	6.08467781466382	6.28327531843311	-2.18699134138736	-25.0715991995339	-1.54551155811076	-3.66182581681851	-13.9011317164308	2.77252970252958	-0.232456113701568
0	-12.3619260986497	-16.8833770117789	1.35169118445808	9.78270508238918	23.9006287163026	-18.9220777611521	-3.62050003499307	-7.12425498824155	4.92922739151247	-9.26357561133477	-5.51732114925523	3.47947764619082	-2.12569695760698	8.99661473391798	-13.1206339289776	11.8023588541327	-5.31228635782556	7.4582502404879	3.10661808102227	13.4428557651712
0	0.287623930292073	11.1515840509893	1.05517892904562	18.0143674727616	-4.80495985966873	8.61677228487778	8.2102289061519	-1.67193916613058	7.13860558278261	1.74657354563437	1.40043426788104	-2.45686267227474	14.9059072231466	3.36988818452783	7.46960763355575	-0.864245300254203	10.7548045091707	-4.88585256786104	2.18748516091558	8.10171897235009
1	4.67895162305684	-0.451943950129762	1.1029091998299	-5.73840090355086	5.88600089851456	-6.40232558332516	21.3072327112755	-19.8023091286653	-9.61429915011302	43.2807974795617	-4.22329043314404	19.2765761347503	-0.158923453910067	4.74903131166411	-10.0210967856422	0.0283363745626985	-6.93160159303301	-8.97624870469877	5.70801899691402	-5.17088355304727
1	1.66503443953783	7.39805400986475	-5.71291508023802	-0.476227126114309	-13.6916693083102	-2.73690110854866	-6.65302906901022	-4.95974170607442	-3.75184255305833	1.92064795811765	13.3168313677493	14.9039294835603	-2.31260704898146	-4.32640305255711	3.06811699619104	-0.388898805142147	9.52154435944139	-1.29596452882552	10.2858153566367	0.645942676333934
0	3.10006487202065	12.6744917050158	-0.333740363435324	-7.14229768996784	6.89066908850636	24.9793939337327	6.09063764067471	15.1060596081536	-5.90562097966746	-6.53854708151507	-5.64174812596081	-2.85549477993122	6.18116811068376	18.1445200447558	-15.2370236793683	-0.118127365602086	-10.095485596007	10.48901021659	27.7300058491405	1.12554047691681
0	-6.74028083531251	-7.83625591867915	9.46620931089802	7.05774782038822	7.84114706319407	0.707079067407645	-1.16389094699069	-2.91437715985712	-17.9215372962291	-9.46683395527688	-13.3548782094056	-3.42600399277428	3.36153420156546	18.8398509289914	-13.1590568408146	4.48862803124217	9.42703834600371	-4.26112389435965	-1.1155157395865	2.27216208643508
1	0.467254372727981	-8.80551939875144	3.5041138870709	-7.85766864068376	9.30146592644907	-11.2272240233794	-4.25702919104914	-2.30099846187422	4.48647923145115	27.4579802374287	-0.762743135471703	-7.12636763769127	15.5353739230278	-0.9441265643672	24.0367455735884	8.37453581239767	7.60539769612291	-4.62401639354358	-11.7747854545593	-6.20873579227648
1	0.922062799337389	0.144454979256826	1.11924268252827	-2.32242609675774	-7.7019450463546	5.7137771483185	-11.9847728772057	8.18988729446669	1.3630817621704	-3.68908855141291	-7.18902350155301	6.0187768925277	-2.21557342725806	-5.34801486102071	-11.3185505922381	4.8898503490159	11.8395024335092	6.75963889758746	-6.22938794716022	4.02851952869235
0	8.38362560177607	-7.63199551686219	-4.81821098004161	3.70251698169128	-5.3581214706105	-23.1541906365663	13.2427802841441	6.39438357849206	-6.18199769445516	-9.42171970190436	-1.25010916859236	3.32008389942661	2.69271255930444	-7.48045728005174	12.2861743387541	12.1253078059534	-1.28606781614115	9.20872028461045	9.92347915695187	6.64210441689055
0	18.2226865831288	-5.35947261687307	-5.77601958765111	-9.10856108690463	-0.997004180520776	-1.80128326101559	-17.6469090556775	-7.92027180199009	2.85931145184784	-8.13581085500132	2.68618347341258	-0.69016751274514	7.26401038807508	-6.39999161807845	3.84499805200218	-5.1259650573195	-21.4689142418315	8.25905210042062	-4.88141564211132	18.9600492427907
1	0.593511004008461	-3.53324213314264	8.06872920287806	-5.3362923771885	-9.10319014973272	8.77653729718927	7.7479644408111	1.97285000105332	5.32376934687646	-11.5961188169791	1.15973819102578	-9.22518521442329	16.8772706877583	-8.3685373320819	-3.23903039025297	20.9790059736461	10.9854255742334	-2.270835791313	-7.23214516331118	9.7145434753583
1	8.82074004126156	-0.638931745846988	6.3332495736775	-13.3648698428757	6.26114447287338	3.60177734839671	8.19562872247197	-8.10708753087307	9.79621473322907	10.7290588091637	3.33676152160119	4.86622985275431	-5.33303052661074	-1.19298524026205	4.05759194035158	-12.8606381628893	8.11731277655873	0.378773372086263	6.44373528942983	-4.58126870397196
1	12.9142545292625	7.19643201452724	19.7252645116686	3.83032454526069	-11.4829941031853	10.1038603149412	5.47828805917027	13.0374032626601	-4.90361396730018	18.7389631671753	2.27399045751248	10.4720445189656	-16.2571157387869	-9.93276267003259	-13.7734023504719	3.19451508925639	5.40544818797712	-16.4020620601121	13.0674506871234	23.8183122255009
0	0.0658280359966841	-10.0177074437541	14.5176994792513	6.82070289483049	0.875209328981019	0.482665613122027	-8.83416531425873	-14.056557923342	2.01196519648899	13.1430617581222	-6.6239483182726	-16.5491827349358	13.7770416102878	-6.92523310157686	7.20732015249699	13.6121985841019	-15.6546399463731	6.70816911770489	7.35897219191286	-10.8508598924265
1	13.6843304852624	-4.63107382212865	-10.3859985561267	-7.30913365207571	-15.7194285982114	-5.86421076832021	2.56630048342898	-19.5580494027796	-8.47997847020995	-2.45773363896118	8.51650512214372	14.5657038484347	12.4211424255451	7.4999494442192	-11.5902403019112	6.20932507693933	-6.41108830510028	-10.583433258629	-3.36775407665509	-13.109133844616
0	15.3059845603657	5.7543109108237	-4.07797182191843	9.40877291654893	2.26292947145438	14.6008514459818	8.05024885270234	7.95242728800294	-14.1642664810063	-4.87518882560834	-10.7255083157124	9.45740606402705	-7.73150089422112	-4.72017802487323	5.1975409637568	-6.52857167472479	-3.4811403966177	12.4942824137066	-6.59126658772631	14.261051661368
1	-1.90356107914988	3.34613547937675	7.8268635559173	0.268613118132489	-4.83239287651579	-13.6462540445776	-2.01962730636392	0.956774305602354	16.3835797593113	0.903250402557233	-12.832865263385	10.1750229754377	2.28577354378782	-16.2841565148171	-0.226522136531576	-21.3761289143982	-6.17726796989599	-2.11203699066275	-8.25773417089573	-8.08934949762497
1	-18.8907527068622	6.23843965726549	-5.60606890135131	-0.467329407848647	3.76298924428792	2.19364235430677	4.91225042631954	0.379110949503493	3.68085835254247	-0.66589798729533	-2.92909781187796	8.82624915983418	-4.64696110066994	-7.89924939854949	6.36679663444952	1.65679597095791	-11.3399353592062	-12.2783813983128	2.41073463141169	-3.07077425919392
0	-7.92307493871954	-3.74690390530448	-1.47292951434904	5.3868486237924	-8.76181830587746	8.02402336673163	25.3314264863075	-3.01757117446747	8.8330607328261	-10.9469313818076	1.59983298511191	-14.2967533745816	-6.68852482948875	-12.5575150861614	6.95142708161508	2.64686305101614	3.14762379480232	3.11139954411572	-1.4891011900169	-9.72262815545115
1	-13.5809724343776	-17.0089568070552	12.1586071426658	-4.26566949854709	17.3144938204621	3.34639056376093	2.04402971172846	8.80928891390476	-7.83131410091195	6.46563863078803	6.64058810126356	-11.1763990531911	0.195689833899073	-5.73551679100503	-5.49959870194774	-12.5940715833057	3.79212888911347	3.89723785031838	2.64925356322866	-10.9937298452678
0	-10.2163426264077	7.09260340184507	2.22904872447477	6.03196664071381	11.2374916400586	-10.7907552680454	-2.66632332007882	13.7202263243253	-17.2418122237354	22.277031169851	14.8146956125019	-32.2623568009912	-0.163857819682951	5.68077197376544	-1.34839612068789	8.90675991856989	-4.66652100457933	5.99134127417144	19.0032648854855	0.999887107730115
1	13.7430859185402	3.69175671669575	2.08420736377185	16.7782330262618	4.15917082870147	-9.06526358120272	2.24800182510147	0.237603609032632	3.62255656483748	-3.43526854803681	-4.23845141744072	-11.4205894111524	4.37511295474796	13.6286536776704	2.67292891059225	-8.95383691983388	9.00161814125109	14.0819482196343	-14.3217596581435	-15.7819200711576
0	-9.32476062968708	0.162785435502448	-3.4688411487823	3.85600713942187	15.7430732559657	-7.10953794283605	-1.79536563370853	-3.40696855157567	11.01892160661	-21.350286783624	-1.0982589267896	-1.97075525213019	3.17507462383689	10.7152959403542	8.273541567223	-3.54230714113765	4.69031931566215	0.898322811512069	8.1157168031943	-4.25589078484033
1	-0.203694682379893	-0.250095397733615	-5.30503227242438	-4.36182522877312	11.2743888986569	0.777238576524999	-16.9158559449741	-9.24710825266597	-12.700484481127	0.146358646797811	2.53655803922932	10.7985934895908	1.86013973339593	-10.8147243064229	-7.55139238038976	4.27871965682608	1.44657857865104	-9.79078944166529	9.9343095413198	8.74831890207438
0	-19.0835482366059	-3.13401779932726	5.80811905016865	-20.089509368548	5.5841130199648	0.932099759773382	-9.29772660664171	-14.0482993391133	10.1564909343835	5.2444427809892	2.62551466943467	8.87798466114887	-7.8352197238123	-3.83169096470114	1.98569990800676	11.3270299117481	14.9698679759567	-7.96530354160548	-5.09081185906609	-5.42432825613685
0	8.25974159125638	-5.95423964750024	7.76311787619353	-2.37509112474945	-11.9599275049885	-3.49792796274648	1.10332921282102	3.26158700025354	12.1882667539607	10.619267985594	-0.630408003342432	-1.18960722802795	13.6559005993832	-7.64681458159048	-16.3742872851022	-7.74923085302766	10.2613066197675	-15.1777873071162	-2.24838831869299	-4.16636844400984
1	-3.33253222243021	-5.57906055269297	-3.17737361784466	-3.02514447649604	6.82508566225556	-13.9948356797504	-22.1709808804783	-9.59884367845677	-12.5215472650335	7.43065296509901	0.00404301097207992	12.7446724414512	-14.7839884654895	25.9382056805539	10.3512155055956	16.5813700586489	-20.4499601165327	2.93100294934983	-11.7500955236024	6.82324964533507
1	9.3835674826651	7.73281441461176	-1.86582325354837	17.7117497434305	6.0262000771735	3.52677641425344	-2.92902336329694	-11.8717922048023	18.5282926236438	12.947022484125	5.52469963793207	2.14264014851568	5.50600523364615	9.68547942207089	10.4045137593441	-4.16157288625986	12.3440116160391	24.4983136092749	-12.1886095618109	-7.09916333251235
1	3.5305641789431	-12.3933256139881	-5.8085382412048	3.97678673818127	14.9648153653909	19.4803082697934	-14.5384818523381	-0.698012047600359	-14.2189693339161	6.58188476491287	13.7758796521168	-9.34820666335884	-0.528050711862688	7.09973337238826	23.3503000316872	7.03910789762877	-9.55795799105585	19.5111413731174	-3.98737649718402	-3.35236759299428
1	-13.517689892224	-3.44848693325884	-12.1377218859995	-1.83034183342314	3.33648737145127	-15.1886536424845	-1.6756773348212	10.3252994050182	-0.842639007352368	7.70362055472069	-7.03493569753628	1.48776731739053	15.5808897708154	-0.0443103784895619	7.32578313571482	6.17471720525871	5.9527531831784	-10.1641087107152	-9.06535571648551	-11.2892553125024
0	-6.06790977899124	-1.17354947606935	6.21632946580517	5.54460659263589	1.385429664654	-1.77211908977385	-3.37061737892976	-0.0858351940364985	-0.143377142611916	-1.32993773849976	2.08095455000834	-0.616998438770125	11.6046501992017	-1.18884968659261	7.27782420357244	-4.828114734457	13.3372069847236	11.3082796601962	8.51129188694432	-10.1938278509993
1	7.61448806894094	17.6972251309512	6.87837542209025	-13.2861342667418	1.28899268219829	6.22946619453711	-12.9816181529564	-2.20170400429324	20.4556079351495	-10.9571391722392	20.2979777649942	14.1235704116067	11.3511743306486	-8.08223027916045	13.5345631505132	12.0000345913038	12.7048850931187	15.3482545688442	-4.72588963037304	-3.29988617745039
1	23.0617307378367	-7.20035972295401	5.36058293380809	-1.32139484126768	-16.8043574499606	-0.157542014670596	1.24204988975418	5.8366284276226	-5.26929982317453	25.5214845165863	2.37481668492254	-5.90495392798812	-15.6422678621707	3.31570347389036	-2.39911556554118	-7.89707619342642	-10.3793040304168	3.24837583095664	6.38073299422835	-12.6465067177188
1	2.05851400767163	-17.5580773892661	-10.4908560095795	10.5349101217507	6.10676642688094	-9.66217908504672	11.7956957849021	-4.60692063117306	4.21932072053955	14.767316642445	31.1291948008978	22.189709980488	-5.76905317534911	19.7887217697815	15.6255898056841	12.4544536930854	7.43237392756351	-9.47340481811634	-10.3764648942064	-3.33820664771686
0	0.9910419636689	-10.0033154607728	3.96720018922876	-0.192124583164129	2.70382017665872	13.0337508365091	11.8998164109115	-11.5808094708077	23.6650817628111	-14.5016313028263	-11.7274882210939	-2.38354280650687	-21.9163713943585	-11.7143263054596	7.05154429130522	-16.0901995272928	7.12490995339267	-16.4521009861748	8.44649366776849	8.7984219034962
1	2.63480535737307	17.3578452915413	11.5062895262609	-13.1813208221548	9.36618295636661	3.17323807180054	0.0540245376025551	-4.27371192527872	-18.690968294212	-2.65213481435099	10.5439463577205	14.426707425278	5.80843629081161	-1.29118285480687	-5.6847360779561	12.598691342096	-2.36689575051342	-2.63669867190353	14.346561431301	-11.3214055476256
